426
3686
3841
3077
864
160
3249
2291
4611
580
3560
3278
3338
3576
2910
2398
1657
3227
4676
328
1718
1911
889
684
4553
3340
4499
997
2075
3726
4106
3768
2019
1952
2518
1655
1433
3481
4672
2627
355
2986
2080
3109
373
2155
952
1006
2325
2492
3729
1237
1114
3533
4244
1053
2717
4734
594
1725
1069
4050
252
4392
3327
1999
1643
614
4114
3987
2253
425
1039
2692
255
3271
4054
2228
2474
2689
1001
4329
666
358
2366
2208
3441
2209
3563
1535
4732
1720
2090
1575
321
4139
4453
1045
4846
1065
1005
2527
453
1542
2139
3027
1805
3033
948
1753
1118
1416
1202
3610
2488
1075
1940
151
4504
3234
2364
2160
3665
4431
2459
964
3662
4346
2330
4905
3018
1949
3469
446
2901
2240
3204
4207
3759
2785
4650
904
2984
372
1043
376
25
2892
1091
2842
1426
1378
1752
1381
4175
3901
1516
3951
2071
43
1776
81
3648
43
2126
115
2911
1280
2185
1607
930
2465
1965
4166
3335
4718
2042
4834
1898
2620
2047
2303
1849
3630
4477
2421
1873
4246
4582
6
2041
3761
486
4961
2007
4959
813
2692
2971
1115
1633
2492
1968
368
1724
4282
1601
542
2550
3547
2272
2667
253
1061
862
667
647
4340
679
2940
189
149
1467
671
755
332
1155
4139
4870
2591
3014
1173
4214
4286
542
2621
3735
2784
2427
1433
1563
1007
1382
3274
938
2665
2724
668
3251
2407
4542
4766
4419
899
3456
1733
4993
1630
3508
1143
1129
3019
4384
2335
3237
1296
4160
947
1019
1703
1339
4148
431
1351
2777
2515
2548
4973
859
4979
4873
492
1237
2862
3805
3086
2000
3308
3491
3929
980
1323
2407
2677
349
4696
1608
237
349
4379
4146
4619
1840
2942
2865
1117
26
1821
24
819
1669
1919
1499
3152
4094
440
3618
273
4066
4260
3900
4710
4322
3382
776
1819
4395
2564
4590
226
471
3068
1374
3371
3836
2999
453
3728
1058
2172
4813
4587
196
4027
955
1302
1983
1307
3915
4818
3022
1617
3988
1618
2591
4383
1529
3957
3648
1180
326
22
1437
4475
2987
823
4162
2004
4905
8
537
3427
4333
1681
652
810
1180
1547
2091
4342
4683
2853
1932
2673
4403
1422
4871
935
4738
3627
2687
3803
2079
3030
703
1657
3007
864
4345
808
286
950
2488
2232
2505
3532
2462
4951
758
1851
2149
4538
1215
3260
786
646
2630
3292
1837
768
930
4153
258
4101
991
2817
1276
3266
1430
646
598
2761
782
1666
3719
4115
4749
2070
1977
4388
630
866
958
1441
1498
1983
978
733
1793
1565
1432
1681
4897
4358
2038
476
2279
2074
2231
262
2517
1625
2786
2144
3459
2433
1585
4671
2462
1295
4195
2989
3572
3603
107
2955
2781
470
1880
4059
2899
4700
949
1548
163
4611
628
2789
2322
1417
3192
2488
4265
240
977
2974
2216
934
2276
1809
3540
186
4326
1601
1284
3000
2256
4812
1047
671
3744
2010
3788
1840
2189
2120
1235
783
3846
2346
4338
3346
2093
1571
646
2235
1653
197
4358
1733
4244
2319
2379
4269
1746
2521
1780
1638
2851
581
1545
1604
4798
1902
179
731
778
4175
4638
292
2629
196
2181
2763
2414
3020
2137
1616
3743
4022
1782
4038
4774
2535
2114
2328
2762
2260
3716
1743
1169
1664
2736
2264
1912
264
2916
2566
658
2369
113
1057
3651
1077
4307
4214
3187
4130
3473
654
344
60
2033
4983
4458
4914
1855
1938
3370
3782
3627
181
3753
58
2345
956
1649
79
2954
4898
1315
4195
1666
2542
4468
3941
2048
2411
4509
1075
2602
404
4245
1426
1723
3583
3918
4219
4977
3933
1493
2028
2645
1226
3738
70
1309
4247
260
1829
1372
443
2784
4451
2037
2475
611
4192
4097
3425
2029
103
3975
705
4637
2161
871
3498
363
3049
3587
171
1462
1152
2021
3793
2044
2647
353
1965
927
1399
1606
1566
648
4057
2183
1846
3494
4211
4786
1777
1943
295
1304
4137
926
1568
1852
793
1034
119
3536
4059
58
1238
3124
4723
667
2
652
2726
996
4939
4972
793
2084
3481
2844
2668
2506
2831
2520
3347
4279
801
1515
2588
1165
1593
4401
1173
1476
3698
4411
1740
993
2107
2967
4457
3861
989
2644
1166
4744
4525
140
2010
3771
2071
2978
1263
677
861
4111
1419
1328
1892
3036
3446
3616
2206
3890
513
546
404
59
906
2666
555
2633
1884
237
4533
506
187
1136
4212
906
4792
3979
3722
800
1692
732
40
1486
2206
1453
1149
3552
2884
2947
1545
292
1565
3171
2456
2545
2512
2122
1549
3850
4494
3433
4630
4914
4236
1068
4504
3419
595
3769
687
4983
4041
605
1844
3410
3277
1848
1746
3966
3101
3519
4722
3697
1729
4302
1618
3194
773
1617
4789
3462
3222
393
872
2520
497
124
2361
1708
3283
270
290
1743
4940
1353
1963
4287
129
4211
4694
1682
4556
1618
3826
4312
3567
2723
1297
2067
1975
2578
4191
3436
3128
4134
686
1476
2708
2535
2239
2685
3596
636
3214
2752
3761
2008
2015
878
144
4592
3833
3364
3733
3223
2397
2467
4286
4484
3927
205
1859
3358
125
3092
3912
2698
2092
1435
3384
2741
4004
94
2444
855
209
3940
4183
244
1119
590
867
1829
3600
1650
901
2956
4909
1370
734
2747
3055
3432
3758
1998
2174
4111
2680
2957
3183
3025
21
2113
2778
3323
379
2461
2102
2216
3148
4474
4325
2662
3964
2549
1267
159
114
3413
1090
1063
2167
2419
589
2503
3222
2950
1374
1575
1704
4573
405
1137
4950
3429
4616
1354
357
2537
833
989
3099
3468
1414
1451
1263
4445
1938
2293
405
3596
4365
2232
4722
2758
225
717
108
875
735
2403
2375
3275
2520
3876
2711
1915
2545
1575
2216
1474
658
167
785
3972
866
1958
4767
3524
3550
4145
2875
2197
1845
680
2458
812
4535
4592
300
1840
4724
3631
1251
2581
1643
4131
2683
1967
1050
2684
960
2974
4186
635
3460
4660
3132
3778
589
1336
1873
3830
4127
4316
2620
4569
1324
3654
640
4903
2419
3843
4254
174
4533
4319
2722
2484
1454
431
1588
2305
1237
1285
1335
2538
4397
612
2353
4389
2254
2746
3274
3205
4549
2500
517
2179
1906
2707
1784
2881
4393
4570
2220
2071
825
1384
3018
1540
2688
2800
1546
4897
4575
3968
383
1999
657
1599
2412
3623
689
3162
4713
2861
28
3991
2532
1909
2196
2187
1277
2303
2413
1395
728
1714
3377
2223
907
403
546
2014
3049
2276
429
4127
4680
3880
326
4842
879
1434
1462
1304
2699
4892
763
2432
2632
4517
353
1332
264
4637
3698
3104
2815
1616
79
3068
2600
1392
215
707
2436
4664
2900
3179
926
2302
1988
3967
2302
656
310
1438
4862
126
1929
3398
1764
3639
895
3734
2727
3374
1483
3167
1253
1647
1229
1220
4381
3327
2904
2917
2497
1352
206
3087
901
126
3536
4532
2157
956
2090
3904
4421
375
3532
4914
2327
3032
1265
2489
999
745
35
4748
792
2318
4526
2292
364
2049
3607
2371
2477
2800
3496
4647
1453
3428
3365
4020
1181
407
1823
1825
4149
1705
2793
4173
3172
1048
3552
47
4728
2716
1878
2413
4350
3739
2313
4682
262
3332
2821
2488
834
3537
3557
3156
549
3067
3132
129
3280
4437
4174
1634
174
3925
1244
3057
2365
4443
7
3886
4153
3995
3322
3183
102
1134
1577
620
1619
1016
350
3093
3004
3738
3061
1030
3465
357
1039
1440
4334
3070
1211
837
1980
577
3679
2093
2184
4045
1484
4788
2349
3025
4464
3244
1635
374
1710
2363
2574
1112
3738
1460
870
3693
2609
185
1073
3636
1315
1745
2199
1974
4650
1964
839
1709
3673
2545
1363
4087
44
1847
747
2511
3139
3474
2793
1400
4507
475
1338
2177
4313
4033
13
1052
1917
1370
4840
2215
1448
1243
3425
1411
3606
1374
1901
1102
308
3796
3370
3397
1347
1945
3089
3898
1490
1677
3348
320
883
2115
3957
3221
4427
1944
746
822
3635
3644
3543
4147
4953
2586
3771
49
4078
979
390
3519
4210
965
2605
3684
3980
795
3710
1844
2163
4827
50
2313
2444
1181
2592
276
218
3255
4839
3654
1765
3849
2077
3981
3604
2590
3215
626
2231
475
4363
739
1504
2296
3204
1774
1173
4658
2541
270
1586
1824
1104
962
4915
928
1194
3115
3326
193
3271
2551
1002
2142
2648
7
3485
2763
945
1524
3873
627
1946
2763
2103
1764
2470
1332
801
2579
1825
2357
2214
1783
1685
1686
1424
159
2594
4722
4174
4680
1238
2879
161
4746
3055
2016
3419
1019
2607
1243
2216
513
2386
1087
2466
1991
731
2183
3141
2440
2158
4503
2000
4701
664
3306
2506
2701
4168
107
1971
2797
4869
120
3222
2911
1695
772
3778
484
816
640
2354
2518
2
1471
1267
289
3720
989
352
2144
4735
1840
969
787
3885
4239
1099
1212
2175
2495
1427
3086
2785
2639
3809
1719
2035
4064
429
690
1885
694
4548
1291
1423
2888
2014
3137
4667
53
2523
666
3056
1528
1362
2181
3646
258
4262
1140
4660
2132
1037
1009
64
3917
185
4040
3137
134
3033
3099
4098
4738
3700
836
4395
3575
951
2225
494
754
3859
292
3984
3940
2488
2426
3697
2783
1980
1762
786
242
322
679
3237
4270
786
1572
4136
4248
27
1621
2191
4509
1594
2944
2258
4981
3111
2890
2340
3393
3733
3854
4448
946
1919
4758
286
2825
1121
142
4789
4026
4823
1418
284
2419
402
3281
281
4885
355
1575
2881
818
705
4953
143
579
4548
2920
2793
4585
1162
4731
4738
922
4970
2098
70
4278
3720
3895
4260
2707
1107
4479
1688
1681
4514
1962
1376
2548
4507
730
1571
2358
2103
4750
2057
2583
2339
1507
4180
2109
2568
2375
4690
3215
1779
2065
2203
3392
3691
3940
4101
961
4004
277
575
3253
3242
961
2816
3195
709
3263
2881
3461
2548
4053
4842
4179
1827
3058
4758
580
1251
1785
3019
3674
2472
3153
2291
1536
2353
4509
2570
1012
2126
3926
853
3450
830
1931
1115
326
4261
798
3405
3055
680
2367
2650
56
2137
3385
2518
2493
681
3508
2993
2409
3714
4597
155
724
670
903
2475
2775
113
4700
4601
3184
2212
2073
4574
138
436
4132
3429
2428
4786
1985
227
3641
3420
2989
1908
2698
1730
1400
3994
4984
434
1511
4309
4278
2009
690
1025
3186
3628
1564
871
1246
3678
1899
2611
325
3823
984
2976
747
3314
4553
678
4859
4087
1540
1066
3929
1630
2626
2715
1747
3589
1988
3000
4447
2142
266
1695
2400
1592
414
2408
4311
2206
2467
2481
3366
2263
3769
761
2299
4358
1218
4418
135
4098
1157
2865
4037
1062
4902
1445
738
154
4999
931
314
3722
4340
1838
2591
3956
1312
1694
3646
3375
3145
1507
4431
4108
1826
1950
1488
2892
1964
214
4112
1151
2607
1633
469
2068
1485
3068
305
3655
4731
1497
3848
4569
3164
3880
4151
2212
1771
4901
3401
3972
4373
2608
189
4772
904
3686
76
4059
79
1910
691
4492
2390
3149
3555
1854
4473
539
965
2592
2299
2826
1605
2144
2542
840
4493
3358
3473
177
81
1622
3852
1538
2099
1888
1962
87
4947
4881
1641
1182
2513
2149
2365
169
1500
2269
981
2408
3542
4779
2461
4502
790
793
3825
3574
1484
411
26
4887
314
4639
878
4645
4305
2923
126
1201
3099
306
1036
300
3718
2133
2892
1902
4350
329
4201
58
1551
4047
713
322
963
2788
4958
245
14
178
1968
2319
845
978
297
3347
215
3080
2454
1291
4415
2169
959
4369
2184
2283
210
4008
549
2170
2869
2709
3293
1970
3434
2775
1803
4519
3386
658
951
487
4528
3268
1297
479
4738
1897
4740
3586
166
2116
3371
4182
2415
4086
1767
2655
252
4122
3142
4094
1270
2408
2522
2193
4450
4087
3108
2544
3150
883
1662
4667
2099
2214
3653
383
2903
668
3761
4455
1938
845
2324
2984
1956
222
582
372
3638
1335
288
4806
2522
1803
15
3859
1759
173
4271
825
1077
1393
3250
353
3769
2854
4493
860
4040
4580
2427
3961
2850
4906
3230
2098
4446
1383
486
826
2916
3951
269
2133
4768
1371
2527
1614
809
1689
3090
207
2303
2208
3319
2927
2788
336
1035
679
708
1908
1859
4166
3194
2653
4205
2452
2531
1767
2070
2142
4804
4486
3722
4069
4458
4427
548
2171
3455
2455
1959
3938
2511
3943
452
4308
4861
4548
622
4294
1014
3239
1919
391
4669
4423
1918
1854
2694
1168
2427
2278
708
4149
4688
3770
4115
2113
3832
2747
1238
1555
629
2670
1218
48
2491
4685
4335
1303
187
3044
1373
3039
4491
1747
901
4238
4727
3801
1961
1691
1865
1411
1726
1648
1281
1276
1810
1173
346
1058
2632
1239
2255
1177
203
4569
3255
265
772
1157
70
670
1511
323
1910
603
2449
859
2297
3149
149
1558
475
4022
360
3858
4498
3512
1161
3419
83
4129
799
733
1301
2682
78
1618
3063
3807
662
590
4683
558
1700
2465
778
3115
2318
4502
4942
2159
3145
3542
1567
619
1040
152
972
2561
4096
1257
3488
2246
306
4001
1162
1766
2003
910
3211
3044
4140
823
4080
737
2762
1905
1430
939
2684
4070
3087
1018
2380
4291
4946
2209
3412
837
1417
680
3089
2691
3550
1721
3176
934
4302
418
2686
4989
4779
19
4311
2291
3433
4402
1586
3922
703
2279
2126
968
1759
1273
2598
6
4157
1348
3525
951
2705
4242
1688
794
3190
4888
591
642
3828
788
4905
1992
1537
2799
2930
1878
3035
1626
614
2149
1411
1362
4438
4768
2148
4638
1851
2482
1484
1613
4356
1467
784
2023
1225
1475
2877
4581
3432
1444
204
4152
1986
2371
1522
2189
4202
2403
12
2654
2834
3053
628
2916
340
2539
3993
2990
3740
1870
711
4322
813
852
6
2970
1343
1236
1291
2946
4502
3638
4018
1945
42
455
2026
3826
4257
4702
418
4608
2301
409
4167
3216
1963
2283
961
2328
4652
2870
4882
100
2495
1269
2079
146
515
4414
3093
386
773
3451
968
3012
4019
2360
798
2802
1158
20
1616
2016
862
3593
1056
1798
1122
1738
791
3818
328
4060
4733
2838
924
1329
547
1782
1718
938
2724
573
3911
4607
4118
3078
1646
2559
3132
4040
4373
2101
1614
4050
1432
3092
107
1464
4326
92
4627
3266
3251
3570
3547
2445
1796
3862
117
751
4522
814
2845
957
4743
4524
4407
3034
3967
3882
4254
2964
819
3380
774
46
4714
3946
3349
4319
10
229
967
1124
258
2884
60
2620
492
1430
2333
2331
4045
1876
4851
18
4312
4308
133
651
3091
1469
4171
3261
4868
504
103
3464
2478
1787
1546
210
3018
2527
147
247
974
3559
2271
4799
2087
2529
4379
4205
952
318
4401
1733
4545
328
2477
1108
3394
1054
3870
2401
4009
1576
203
685
4285
85
2487
533
3403
535
3669
896
3333
507
1914
4727
296
4867
3035
3174
4220
4643
366
4388
2579
4359
2211
1985
3607
3446
836
1642
4233
4434
4033
2740
1286
663
4416
4420
2627
300
4864
2451
291
3715
4463
1410
1812
888
200
1731
1132
1710
3644
1770
2482
673
753
507
2484
2805
1294
2741
4648
606
194
4775
4139
417
2595
3073
1840
1560
2709
2741
1925
999
1891
4882
4733
3970
3419
3727
1760
1212
1107
1453
4727
4998
4117
1303
2090
3369
2443
3480
4580
3077
1884
2627
89
1313
506
435
4122
504
3016
3195
49
3013
2150
3434
1320
4462
2064
3176
2245
2916
3366
1509
5000
4510
3433
3646
38
2728
1269
3186
277
1803
2942
3492
4175
3676
3653
1995
4480
3063
4999
3167
313
1002
212
1906
1293
1929
3394
4261
4278
2180
2532
1559
2631
602
475
1450
11
3022
2448
4451
4401
957
4042
254
4738
662
751
980
4852
1615
4706
3895
4435
4572
4266
2879
4058
4629
2544
2523
616
4960
4453
7
2162
3883
3852
1035
3479
272
2680
3126
4819
1165
1499
2157
1193
503
2022
4929
4102
4472
3827
1780
4157
2348
1238
3239
4902
554
1488
4193
1811
4519
3716
238
1782
1410
2814
3364
742
47
2403
3851
3046
2264
3987
4134
220
2021
1942
1877
3025
2442
1411
108
56
2365
77
3137
2088
1912
3361
2381
3954
242
4169
2705
2652
2220
1206
4567
2130
4034
3032
2287
3573
2785
297
2472
2854
4636
968
4171
2104
547
1626
4569
2734
2201
2949
984
809
4079
2612
2079
4212
1585
2877
598
1816
1800
3518
2651
1277
3467
3003
2358
1770
1519
4343
1392
2390
600
533
1372
3752
1980
996
1014
1622
33
755
1218
2141
4930
4853
3449
820
312
3925
3658
1533
4854
1070
273
653
700
3970
4013
461
2662
152
4756
3197
4478
1331
112
4548
191
1688
1659
1180
4108
1422
2060
654
3790
291
1813
1519
4832
1853
4886
3227
4772
3592
251
2751
921
1323
1506
2161
149
1876
3304
2952
4186
2793
286
3001
1802
2702
4407
2459
3791
1089
515
1281
4203
1497
3856
1161
334
3225
3307
3013
4686
2641
47
611
1628
2477
1312
787
4368
3259
2947
2643
1002
852
2812
2309
928
920
4041
1535
757
2398
1330
2452
1161
3916
4190
4107
372
3341
1731
648
4180
3183
1768
1631
3673
298
4211
2711
439
3687
4237
3282
751
177
4107
2599
380
1105
4988
2796
4516
1728
3038
3477
3874
873
4305
3542
1329
3478
3471
1630
4288
4255
2162
4949
743
2438
4769
3471
1659
2667
2367
2472
2614
3655
4899
3689
4422
376
4080
3936
171
4717
713
3361
761
2533
3624
3729
2423
4177
3384
2336
784
3297
3143
4055
2123
2003
291
3294
3817
1540
2699
607
843
1714
1414
1800
2050
972
553
959
1184
221
4939
793
1701
4699
161
3429
702
4713
4590
3832
2609
107
1269
4706
4403
4120
4631
3814
1394
2812
4715
865
286
2481
905
84
3194
2488
525
2658
2802
1358
2314
3636
781
3293
3150
3521
1576
2579
3471
2400
3442
4080
4980
4252
294
2132
2663
1877
326
299
822
3019
4151
1099
2172
4669
2521
4641
2518
1656
1913
4981
3228
4437
1305
1072
413
4387
4999
52
2958
2442
1174
3012
641
2828
2056
3645
2003
737
1285
1745
311
4103
186
3694
4512
4798
1149
23
220
3363
2194
3921
1331
4914
790
1960
2183
238
4807
2624
1481
4097
2913
1536
3741
3357
3067
5000
98
3336
872
3967
4878
2746
4505
123
485
4935
1650
3591
4203
3737
3439
3033
1298
4234
968
1714
4380
3599
4384
4526
4017
1145
1694
2688
2170
355
1774
3518
2134
4545
3188
4423
3096
2603
3287
2273
1964
1465
809
414
2438
2567
514
2625
3826
732
2263
1207
1520
4777
469
2008
3805
2060
3053
814
3987
602
2224
3540
3798
3400
3262
167
1471
3400
1071
2479
1318
4948
4627
684
4784
4669
1118
2789
3397
4151
2071
4199
3810
152
4879
4541
2346
3
1215
1949
1890
2471
3532
2624
606
1394
339
1136
1150
408
230
2342
4703
626
3316
4713
1261
3166
4069
1831
2759
2205
4245
1801
575
3893
2779
329
4929
4545
2383
679
2701
2122
2647
2589
295
4182
3400
2382
4638
2211
444
2197
1012
2916
1305
164
2057
16
2210
1798
3441
4016
4611
3008
3547
1232
1650
4604
2863
2702
926
2753
1692
3500
2637
3468
2669
4350
2355
4080
650
2939
2515
3882
3976
1440
1714
4828
959
2201
24
3997
4713
2871
449
1410
4622
719
89
806
3483
663
4237
755
4968
4386
1118
2319
269
1411
1331
3758
3744
2269
4551
2971
2294
3950
2399
4369
201
10
4309
710
676
2273
491
717
2578
924
3482
1121
2385
4305
635
2912
2087
3103
1825
2174
4427
2332
4189
4067
1918
3712
3020
1016
3460
1686
4908
1811
1140
4808
2450
3484
4888
2128
446
3042
836
2012
1614
1993
1714
3670
4898
4809
4488
3528
279
4806
253
4962
3483
2774
2300
3565
4460
1591
3746
4018
2241
300
2535
739
1912
2076
3496
1510
2474
4570
2984
1412
538
1362
1353
1254
3771
2146
3251
2843
3644
1246
3366
2883
3219
2769
4415
3672
1005
1486
2689
522
2658
2574
551
263
750
2749
4867
2469
186
4366
2252
3146
2948
2629
492
3199
458
2986
4103
3780
1392
3506
924
563
2139
2056
197
1948
4862
3992
3090
2708
2066
2537
3235
4147
377
3783
1672
2935
4175
4379
3753
4023
3844
1212
3825
3617
139
3269
2934
2903
829
2331
3354
4922
4919
1000
699
4097
1590
1656
2056
3489
3868
928
3799
1466
3994
3915
2088
3291
4241
1149
524
4159
3825
1269
4828
2505
1681
1293
2516
1277
4858
4971
4341
2567
966
607
423
1888
1825
2484
1672
990
683
843
2336
1845
1439
1141
834
3610
3879
1863
2489
1460
1323
3459
3000
74
3169
3238
788
2085
1451
2410
1355
1513
1145
956
2471
2646
4034
1504
1094
4745
3821
3261
1869
2695
4345
2200
895
3133
3559
1061
4210
2664
4841
1654
3347
701
2422
4877
2570
3012
1938
4897
655
4466
9
3291
2870
1997
2278
2480
4455
1213
4329
4798
4540
780
455
4802
3517
266
203
2884
417
4530
1238
1228
2415
3453
3191
2627
86
573
2722
892
3998
3818
4612
3450
51
1121
3454
155
2957
4307
1421
1146
4893
4608
352
3682
3729
3109
2711
2109
4963
414
207
2338
539
3802
3439
4741
727
1834
3037
359
1926
1131
695
1870
3808
1743
51
3532
542
2107
4574
1402
2641
2038
4686
4553
2586
2208
1432
3637
2383
3699
1515
70
3031
4674
3108
2872
3243
2169
2712
4759
3245
4897
2696
2392
4619
2182
1872
350
4940
4097
1952
1495
1616
959
4703
1864
2168
1757
409
4724
3578
3309
3282
1537
2272
920
1351
1033
4310
2499
4413
4291
1068
533
2547
1209
2605
2499
2073
4332
2138
2737
2653
758
817
3089
1722
3805
577
3401
3422
4984
4610
4769
939
348
1144
1563
3253
70
3008
4817
3635
2894
725
3150
3113
4118
2013
2108
1646
3454
4674
1892
3794
2597
3885
171
3182
2823
1416
713
3463
1911
3948
862
3275
1091
1316
3073
1395
1997
2539
1140
3709
1006
2379
4785
1992
2551
11
973
2175
1672
3346
2357
2899
1583
1865
19
1065
2346
358
1434
4457
3119
2464
447
1912
4853
4956
565
2052
3419
4034
4557
1321
565
1165
4402
477
2539
3415
1842
4797
4444
2215
1852
2230
1884
3208
997
3478
2300
816
2994
2823
1340
2391
688
1305
1456
778
4370
2951
540
499
1466
2708
1723
1533
136
4076
3517
3679
775
2284
3724
4129
2793
1024
2263
485
2538
3070
3588
2224
1991
915
3904
1648
4299
981
2229
3524
3983
1553
729
2354
1573
222
3896
669
4813
266
3992
1903
4903
4203
206
2956
4518
3927
2125
4193
1859
1375
4135
44
235
820
3780
2800
62
1063
4471
669
828
4015
429
2415
134
1290
233
2829
3180
2463
3113
4356
4138
3470
2800
830
2775
1362
3755
4473
4492
2234
2319
1282
420
558
3535
291
4029
2789
4745
4526
498
705
3961
2622
190
3932
2627
4486
1921
1574
2386
4182
4470
3602
2960
1431
3524
1404
3512
586
1511
4563
1306
1207
453
645
1376
971
4361
1425
590
4618
1560
3445
1288
2843
853
1239
2230
4182
2406
2200
1200
4172
1909
3184
2073
1176
1891
2386
3920
244
2828
1153
1950
2827
168
2527
2871
4095
964
3879
3285
2019
700
3794
1449
2588
68
4140
1170
959
173
396
1298
44
4063
3636
1829
792
2172
806
4337
4757
613
4349
2653
3982
806
4628
3181
3558
336
1606
1130
4349
2581
2000
1884
1009
2520
4675
2552
4886
2689
1953
4545
1638
1321
1972
3855
1508
1111
3428
2001
1120
1395
4325
2269
2488
1060
1821
871
3425
2287
1656
640
1966
509
2530
4630
1904
10
2200
1504
2575
2109
829
159
3956
4625
802
1795
575
4622
2417
4271
2691
1204
136
1155
4950
1549
958
1342
4117
1649
4438
4832
4016
3004
1298
4602
1995
4365
1140
4132
619
1997
4006
3008
3883
3222
46
3557
4030
2783
200
3098
3514
4901
4866
3926
4515
2064
342
2874
1745
4325
2666
2695
664
4990
1199
1837
4366
720
4803
2516
440
3888
1108
4786
3473
4673
2981
4741
3933
889
137
3841
1755
657
3234
1175
2073
4319
1968
3865
4303
4529
2417
247
343
1082
4339
968
2263
4761
3278
3522
3440
203
4785
2834
4418
2082
2954
730
2846
2878
2560
3691
746
4433
4513
4471
2822
244
328
595
4424
2021
4313
4480
790
586
3753
4508
4103
479
2779
4471
4803
3574
3089
1848
3058
4629
1670
648
2638
2897
1492
481
699
3254
1329
2407
1935
2653
3608
1180
2148
4874
615
3359
2484
4213
4977
2848
4658
2940
4588
1941
739
3039
1574
4407
372
4274
3145
4071
679
3743
3457
1641
1994
2459
3623
2314
1658
1808
1444
2137
4923
4465
378
1877
1925
2362
2236
3739
4389
4993
581
3492
4007
87
4485
4921
2508
1293
2512
3118
365
3422
383
2482
4129
2411
2447
4737
1974
2665
448
4056
4832
2199
3770
3241
4402
2365
3972
4529
2878
36
3233
941
2338
2615
802
1207
255
4267
1690
367
1114
1348
2223
3431
2292
2306
1692
4484
4415
4344
3687
1455
847
1076
1030
4917
3985
4002
76
965
2114
301
4563
2084
537
969
2675
676
4048
2326
4243
415
1128
1623
2095
2275
792
1886
4798
2860
3772
2895
3440
2401
2626
1880
234
350
248
698
180
3396
2008
3043
474
1217
1149
4664
4753
3621
1198
2910
3278
553
1874
280
94
4159
4103
1442
1317
2149
863
4057
3438
3888
1184
943
2290
2246
1551
568
2606
4523
1074
1587
1415
1372
3264
2902
372
4929
4712
4006
2503
3378
840
280
2770
2628
3057
2337
3643
1136
2530
4977
2152
4744
4945
669
1461
1525
2274
4182
2125
2693
3511
4810
3954
2083
1471
4057
4852
2891
1710
2433
1216
4181
4303
1511
3643
3067
4699
3718
4758
2342
4397
3013
1218
3915
255
4011
4323
3370
62
1269
488
3608
399
2654
1968
1621
1910
3427
2194
4872
1723
4515
3792
2511
4037
3552
2690
3736
4671
280
2194
4787
2590
1928
2536
469
346
4466
806
4462
3584
2973
899
328
227
2852
2693
1996
1219
3764
622
1640
3921
3689
2957
4421
3364
148
1341
255
1018
3316
4606
1230
2023
178
3409
4114
2568
1604
3675
2459
815
644
3534
1034
1124
1445
674
3955
2583
4226
854
3559
2641
2894
989
4176
3870
1977
3000
1126
2478
4137
3476
3171
3632
3146
4163
3630
2723
22
3004
3758
1949
2042
2263
4547
861
2783
4335
2508
2449
3659
4016
1111
1341
3905
1807
826
400
4402
2522
4968
1381
4609
361
844
4376
381
529
3964
207
908
4988
4017
4249
138
2930
1521
139
4003
3887
3640
528
2839
969
422
1405
4041
3355
1115
2111
1954
3981
2232
2989
2662
175
3747
4998
3886
2981
1373
2870
475
888
4871
477
1547
72
3255
3255
3833
2900
2075
3078
4471
1792
1689
1100
3933
2456
4330
3137
1618
660
4540
2204
1780
141
2353
3985
2066
1200
1041
2157
1009
4807
4454
2183
2577
724
642
717
3269
535
4037
1854
949
3014
1276
1096
2519
1006
2451
4679
1784
2298
343
810
3753
3078
876
1889
3543
1324
2227
202
2580
3672
1876
4177
1459
2850
2458
3871
2136
1030
2250
2401
1074
3140
4618
1708
3764
973
1721
2917
2770
86
3216
1282
3681
2921
2788
4243
581
943
4828
3262
4091
535
3274
2295
3882
866
2595
4750
3048
1975
3175
1284
3337
1605
2792
653
463
442
404
3342
2343
4953
2371
2451
4449
2634
4777
3126
2897
4621
3339
2756
2232
233
232
3917
4174
1689
4543
30
1925
510
1490
3334
3678
2582
4758
294
1486
4810
1696
1943
203
1515
3858
3316
15
1818
555
1638
1612
1136
659
2509
1479
959
4125
1404
1879
3164
192
3271
760
4894
4417
4926
4445
4457
1307
396
200
2305
4098
4018
4693
3608
4366
4756
4887
4627
2049
1670
821
722
998
2706
663
4263
4538
1946
2946
2350
3274
956
4334
3457
4108
2935
4914
4308
1113
369
4331
4513
3806
2080
2128
2039
2944
3340
1874
3569
447
2846
505
2303
2493
1980
879
1242
4797
2711
3013
3283
3154
933
732
124
264
3024
1813
1186
730
4266
1627
3092
1274
3478
230
3548
998
4234
2104
3985
674
1342
3095
2298
2354
325
4294
1876
4726
1892
1886
1450
1037
3971
3593
1655
800
4119
514
600
4070
1302
3148
293
3460
531
3653
2372
576
3293
4487
1290
3634
4355
708
822
3431
662
857
2930
3413
4752
1824
3793
4292
486
2622
2641
2367
1687
4364
2268
2400
341
1022
682
3294
2637
1736
3677
3322
492
1239
2015
4489
104
4113
2201
933
30
4356
2287
3158
3767
2012
4228
1599
3298
3076
508
879
1181
2591
125
2109
2125
2929
2699
2972
1402
2988
4606
996
972
3416
4481
2143
2315
4286
2216
188
1159
1358
2903
2763
725
280
3122
564
2106
2995
514
466
639
2399
4558
2465
2563
4331
4337
2901
506
3368
3755
